seed=5
numberOfAgents=100
probPopular=0.2
probMeeting=0.1
probInfection=0.5
probHealing=0.1
mortality=0.001
numberOfDays=100
averageFriends=25

1 normal
2 popular
3 normal
4 normal
5 normal
6 normal
7 normal
8 normal
9 normal
10 normal
11 normal
12 normal
13 normal
14 normal
15 normal
16 normal
17 normal
18 normal
19 normal
20 normal
21 normal
22 popular
23 popular
24 normal
25 normal
26 normal
27 normal
28 popular
29 normal
30 normal
31 normal
32 popular
33 popular
34 normal
35 popular
36 normal
37 normal
38 normal
39 normal
40 normal
41 normal
42 normal
43 normal
44 normal
45 popular
46 normal
47 normal
48 normal
49 normal
50 popular
51 popular
52 popular
53 normal
54 popular
55 normal
56 normal
57 popular
58 normal
59 popular
60 normal
61 normal
62 normal
63 normal
64 normal
65 normal
66 popular
67 normal
68 normal
69 normal
70 popular
71 popular
72 normal
73 normal
74 normal
75 popular
76 popular
77 popular
78 popular
79 normal
80 popular
81 normal
82 normal
83 normal
84 normal
85 popular
86 normal
87 popular
88 normal
89 normal
90* normal
91 normal
92 normal
93 normal
94 normal
95 normal
96 normal
97 normal
98 normal
99 normal
100 normal

# graph
1 71 45 61 33 15 64 31 9 36 42 89 8 47 14 67 57 4 53 63 21 32 
2 91 81 13 35 82 87 69 10 7 38 9 29 64 67 25 83 93 89 47 49 
3 60 86 46 98 30 82 58 69 85 8 81 18 75 5 55 73 72 38 23 21 64 89 68 
4 26 16 38 37 69 95 14 18 73 82 78 64 1 45 40 96 43 47 58 51 88 84 
5 74 11 76 85 79 36 52 10 25 83 42 81 38 34 89 97 3 92 59 9 99 49 
6 91 85 16 10 49 100 15 69 57 43 99 46 63 11 81 36 8 56 50 88 83 94 44 72 77 78 
7 74 46 39 14 82 59 41 2 24 71 36 65 77 30 48 56 98 43 81 69 35 44 
8 10 95 18 88 52 1 94 56 3 69 71 40 54 67 63 6 99 70 100 45 85 
9 65 17 12 1 99 59 16 92 2 13 22 54 94 37 5 35 80 48 18 
10 8 53 81 30 6 2 41 35 40 5 58 75 67 45 96 83 100 46 86 92 62 13 31 44 84 57 55 91 68 51 38 97 
11 99 5 82 57 18 22 30 69 87 37 100 81 91 6 47 40 66 94 51 12 50 85 16 44 67 62 49 86 
12 39 48 9 23 50 20 98 69 46 90 84 42 64 81 40 63 55 85 66 31 35 96 54 62 11 34 16 73 17 72 
13 2 94 78 31 39 69 86 27 61 9 93 18 58 90 29 14 23 10 46 38 56 74 88 
14 76 74 7 37 36 28 40 92 79 1 65 43 4 83 70 26 13 48 68 22 42 41 
15 31 23 25 1 77 6 62 50 45 52 32 55 97 16 89 26 21 27 65 30 99 
16 87 6 31 4 94 21 22 25 71 9 20 58 98 15 44 86 61 12 43 11 83 51 
17 9 79 75 52 55 100 18 80 53 99 29 23 86 25 65 81 74 98 39 40 48 36 57 35 46 12 22 
18 23 55 84 35 78 80 74 11 8 17 85 75 60 48 44 13 3 90 33 66 4 24 93 69 27 64 63 28 49 71 43 72 9 
19 100 23 50 27 30 61 22 46 96 39 99 62 77 38 31 89 
20 76 25 53 12 58 30 67 88 99 29 55 16 26 28 68 89 91 47 50 34 92 
21 47 42 16 84 25 60 64 63 70 39 15 3 91 1 95 34 94 
22 91 11 51 98 16 27 54 44 76 40 73 32 26 19 57 9 81 64 29 60 14 74 36 17 
23 18 15 12 80 55 42 56 95 45 19 93 83 79 53 17 30 100 82 13 27 43 54 29 70 47 3 51 76 28 59 81 
24 28 52 61 92 41 45 39 25 7 64 80 76 55 18 99 57 27 65 94 26 62 85 
25 70 66 80 99 15 20 52 46 21 16 90 84 24 5 47 17 39 42 2 28 35 91 64 54 34 32 51 
26 99 4 82 97 35 71 53 65 22 34 41 27 91 40 14 20 79 42 84 64 62 60 15 38 24 
27 91 85 52 96 35 41 13 97 22 58 19 53 65 26 90 66 23 18 24 87 15 62 99 
28 24 83 66 29 78 95 92 68 14 37 56 55 75 34 96 25 84 70 20 31 35 69 18 65 30 23 63 
29 28 62 65 90 51 83 17 20 47 79 2 54 60 13 87 66 57 22 23 71 61 70 91 
30 99 10 54 3 43 11 20 89 45 77 80 23 19 32 7 83 68 41 74 84 44 28 59 87 56 15 90 
31 15 84 57 56 16 13 91 1 54 71 73 90 36 68 59 47 10 86 12 42 75 28 64 76 92 83 82 19 
32 50 34 42 83 96 93 81 55 22 82 30 15 90 57 44 41 52 99 51 59 58 47 80 1 37 25 70 84 
33 60 1 66 52 93 42 38 62 40 34 18 48 97 39 
34 32 41 45 90 86 5 47 95 92 100 68 33 26 98 46 28 70 73 39 12 84 20 62 91 21 59 25 82 
35 83 97 2 18 53 44 10 26 94 27 59 71 100 45 98 48 81 12 28 25 9 7 17 65 47 86 
36 90 71 62 45 75 51 5 55 42 1 98 14 64 7 31 100 6 73 94 66 82 17 22 87 
37 40 54 87 51 74 96 39 14 63 45 11 70 4 38 28 64 65 76 71 44 79 42 58 9 55 59 52 48 95 32 81 43 
38 78 52 4 93 33 5 2 37 98 57 97 84 88 65 96 89 80 3 90 72 19 13 26 70 71 10 79 69 
39 12 63 7 13 37 24 45 48 42 83 81 98 89 25 69 47 62 57 100 34 61 17 19 94 21 43 33 68 85 
40 86 45 93 37 75 43 94 10 100 14 33 85 22 8 12 26 81 11 54 66 59 4 73 55 99 17 78 
41 34 24 50 10 7 64 27 53 91 74 98 26 92 54 32 30 97 82 14 
42 32 55 91 21 93 74 71 23 33 36 45 86 5 1 39 12 25 37 53 47 26 44 31 14 60 58 
43 45 81 47 40 30 95 44 63 6 82 83 14 91 23 67 93 54 7 39 16 4 58 18 46 51 79 99 37 
44 82 50 35 71 47 73 61 43 98 22 59 45 18 66 37 32 89 10 42 80 16 75 6 30 56 7 11 
45 47 43 40 49 81 53 58 1 36 82 34 24 39 23 42 30 37 78 10 62 84 44 97 63 72 98 15 35 68 86 99 85 4 83 67 92 87 8 79 
46 77 59 96 57 7 3 94 25 80 95 12 82 73 6 71 88 19 10 34 72 53 49 70 13 90 89 97 17 43 54 
47 45 21 92 100 43 74 44 84 61 25 1 34 53 29 85 39 70 11 87 31 42 23 81 48 69 55 32 49 83 20 80 2 4 54 91 57 35 67 
48 12 91 50 93 79 85 73 87 39 72 18 100 14 33 7 35 82 66 52 47 53 68 17 37 84 9 88 81 99 
49 50 65 45 82 6 84 86 69 90 58 56 60 68 46 78 77 47 18 81 51 5 2 11 
50 32 49 44 48 80 12 51 41 67 79 76 83 85 19 62 71 56 57 15 6 100 96 11 20 94 
51 37 36 50 22 29 73 54 11 23 32 10 49 97 43 16 4 25 
52 63 56 24 17 25 77 27 33 98 5 38 61 8 78 74 15 100 69 67 48 32 97 37 93 
53 10 45 87 93 35 20 66 97 41 17 76 27 26 47 23 88 74 64 63 80 58 42 46 85 99 1 48 77 90 
54 37 30 90 31 22 8 29 51 86 9 41 40 81 66 23 12 72 55 43 74 80 25 57 87 47 78 46 
55 18 42 57 95 23 17 86 36 60 32 73 20 69 28 89 12 24 66 3 15 37 54 47 67 70 40 77 62 10 
56 88 95 89 52 31 23 78 62 8 49 28 72 50 76 97 6 7 13 30 44 66 70 
57 55 46 31 74 11 100 6 81 50 76 38 61 22 39 32 68 87 29 1 24 69 10 64 83 17 54 47 
58 85 45 100 3 20 10 27 49 80 13 64 53 16 37 70 77 32 76 94 43 84 4 42 
59 46 82 85 73 7 35 78 44 9 65 31 5 83 66 80 40 94 76 37 32 30 34 74 23 
60 33 3 72 64 21 63 18 91 55 79 70 49 29 75 22 26 85 83 42 
61 92 74 24 1 52 44 13 47 93 90 99 19 57 96 75 39 29 16 
62 36 29 95 56 50 33 45 15 39 10 84 26 78 12 77 19 55 34 27 82 24 11 63 
63 52 39 93 97 87 60 37 43 65 6 45 73 53 12 8 72 21 18 1 77 28 62 
64 60 1 95 41 94 87 79 67 36 37 12 53 24 58 21 2 22 26 81 4 18 31 57 3 90 25 66 
65 49 9 83 29 91 75 63 26 27 99 59 14 37 7 90 38 93 17 66 28 24 15 70 98 35 
66 28 25 33 91 53 72 82 92 70 78 44 18 55 27 29 80 11 54 12 40 65 96 48 59 36 87 64 81 56 77 
67 91 89 68 50 92 85 73 20 10 64 90 8 78 43 52 2 1 55 45 74 11 47 
68 99 67 85 28 90 34 49 31 57 45 14 70 30 79 74 48 20 39 76 10 93 3 
69 80 92 2 3 11 13 12 6 49 91 78 8 79 55 4 39 93 52 18 76 57 47 87 28 7 73 38 
70 25 79 37 60 66 14 47 83 58 8 68 72 21 34 28 23 46 55 71 65 38 96 84 29 32 56 
71 36 1 44 42 82 16 26 31 81 35 50 7 46 8 98 37 96 29 70 18 76 93 38 
72 77 60 99 88 66 48 56 76 45 46 3 63 70 89 54 38 95 82 74 6 18 12 
73 90 89 44 59 48 67 31 92 55 46 51 75 22 63 4 3 36 81 34 40 82 86 69 12 
74 61 98 7 5 14 42 47 18 57 37 41 52 53 97 99 77 17 30 68 22 54 85 13 72 67 59 
75 78 40 17 36 65 10 18 98 77 73 3 28 61 60 31 44 89 
76 14 5 95 20 50 53 22 72 57 37 80 24 56 69 59 58 91 86 31 68 23 71 
77 72 46 52 97 15 92 75 30 78 74 7 91 62 58 87 19 55 49 53 95 85 6 63 79 66 
78 75 18 28 13 38 56 59 69 45 52 80 88 77 66 87 67 84 4 49 62 54 40 6 
79 17 48 70 5 89 95 50 60 23 64 69 14 29 26 100 37 68 93 87 45 77 38 43 
80 69 50 25 18 23 86 17 46 30 99 78 96 58 89 53 24 76 66 38 97 88 83 44 59 54 9 47 32 98 
81 95 45 43 2 10 93 32 5 71 91 39 57 3 11 12 22 98 40 6 54 73 35 17 96 100 64 47 88 7 49 48 37 66 23 
82 44 59 97 49 45 2 26 11 3 7 71 66 46 43 23 32 4 48 36 41 72 73 31 62 83 34 
83 35 28 32 65 87 98 29 50 92 5 23 39 85 43 10 14 90 70 59 2 80 30 6 45 94 57 47 31 60 82 16 
84 86 18 31 92 21 89 47 25 49 88 12 45 38 62 26 78 28 10 34 30 48 58 70 32 4 
85 59 58 6 5 48 27 91 18 68 67 87 50 83 3 40 47 97 12 53 45 93 90 60 98 74 11 77 8 96 24 39 
86 84 40 90 3 55 80 13 34 49 42 17 10 54 98 92 45 91 31 95 16 76 93 97 73 100 35 11 
87 37 53 16 2 83 63 85 48 11 64 98 78 29 47 57 69 27 77 79 66 30 45 54 36 
88 56 72 8 84 20 53 96 78 46 38 80 6 81 13 48 4 
89 56 67 73 79 84 30 91 1 5 39 55 80 38 44 95 72 15 20 46 2 75 3 94 19 
90 36 86 73 54 29 34 25 93 92 12 49 31 61 67 68 18 13 83 27 65 32 91 38 95 85 46 64 53 30 
91 6 2 27 48 42 67 66 22 65 85 31 41 89 60 69 95 81 43 26 11 86 90 77 20 76 25 21 10 34 47 29 
92 61 47 99 69 24 84 28 67 83 77 90 66 73 34 9 14 10 86 41 5 96 31 45 20 
93 40 81 53 48 42 63 32 33 90 38 23 61 13 69 65 18 43 2 85 52 79 86 68 71 
94 13 46 40 16 100 35 64 8 9 36 6 11 59 39 83 58 24 21 89 50 
95 81 56 8 55 76 28 64 62 79 46 23 43 91 34 99 4 89 98 86 96 90 72 37 77 21 
96 46 32 99 37 27 10 88 80 61 38 28 66 92 12 50 19 81 95 71 4 70 85 
97 82 35 26 63 77 53 27 45 38 5 85 74 56 33 80 15 41 52 86 46 51 10 
98 74 3 83 52 12 22 36 75 44 41 38 87 39 71 81 45 34 86 16 35 95 17 7 99 100 85 65 80 
99 30 11 26 92 25 68 72 100 96 17 9 20 80 6 95 61 65 74 8 45 53 24 32 19 40 5 98 27 15 43 48 
100 47 58 19 99 6 17 94 57 11 40 48 35 23 34 10 79 52 36 39 50 81 98 8 86 

# statistics each day
99 1 0
99 1 0
99 1 0
99 1 0
99 1 0
99 1 0
99 1 0
99 1 0
99 1 0
99 1 0
99 1 0
99 1 0
99 1 0
99 1 0
99 1 0
99 1 0
99 1 0
99 1 0
99 1 0
99 0 1
99 0 1
99 0 1
99 0 1
99 0 1
99 0 1
99 0 1
99 0 1
99 0 1
99 0 1
99 0 1
99 0 1
99 0 1
99 0 1
99 0 1
99 0 1
99 0 1
99 0 1
99 0 1
99 0 1
99 0 1
99 0 1
99 0 1
99 0 1
99 0 1
99 0 1
99 0 1
99 0 1
99 0 1
99 0 1
99 0 1
99 0 1
99 0 1
99 0 1
99 0 1
99 0 1
99 0 1
99 0 1
99 0 1
99 0 1
99 0 1
99 0 1
99 0 1
99 0 1
99 0 1
99 0 1
99 0 1
99 0 1
99 0 1
99 0 1
99 0 1
99 0 1
99 0 1
99 0 1
99 0 1
99 0 1
99 0 1
99 0 1
99 0 1
99 0 1
99 0 1
99 0 1
99 0 1
99 0 1
99 0 1
99 0 1
99 0 1
99 0 1
99 0 1
99 0 1
99 0 1
99 0 1
99 0 1
99 0 1
99 0 1
99 0 1
99 0 1
99 0 1
99 0 1
99 0 1
99 0 1
99 0 1
